image_width: 1280
image_height: 720
camera_name: azure_kinect_rgb_000052701312_720P
camera_matrix:
  rows: 3
  cols: 3
  data: [615.4145810444825, 0, 638.7718932500761, 0, 614.2513212615661, 361.6871063321298, 0, 0, 1]
distortion_model: plumb_bob
distortion_coefficients:
  rows: 1
  cols: 5
  data: [0.07439589186230416, -0.03708646028694255, -0.001198012877034619, -0.0005672369837899943, 0]
rectification_matrix:
  rows: 3
  cols: 3
  data: [1, 0, 0, 0, 1, 0, 0, 0, 1]
projection_matrix:
  rows: 3
  cols: 4
  data: [638.1331787109375, 0, 637.1662731447213, 0, 0, 636.4658813476562, 360.0706348768144, 0, 0, 0, 1, 0]