image_width: 1280
image_height: 720
camera_name: azure_kinect_rgb_000127401312_720P
camera_matrix:
  rows: 3
  cols: 3
  data: [621.0712854279739, 0, 643.2879560451387, 0, 619.5591813317963, 362.6039927833609, 0, 0, 1]
distortion_model: plumb_bob
distortion_coefficients:
  rows: 1
  cols: 5
  data: [0.0671161189880541, -0.02853014069370266, -0.001346922072872654, 0.002234642676971297, 0]
rectification_matrix:
  rows: 3
  cols: 3
  data: [1, 0, 0, 0, 1, 0, 0, 0, 1]
projection_matrix:
  rows: 3
  cols: 4
  data: [645.8189086914062, 0, 647.2430255619256, 0, 0, 645.678466796875, 360.5259808048868, 0, 0, 0, 1, 0]