image_width: 640
image_height: 480
camera_name: rgb_PS1080_PrimeSense
camera_matrix:
  rows: 3
  cols: 3
  data: [536.473145060694, 0, 314.0086519801989, 0, 536.8639285109052, 246.7391576005324, 0, 0, 1]
distortion_model: plumb_bob
distortion_coefficients:
  rows: 1
  cols: 5
  data: [0.03310900261913022, -0.1081296635444241, 0.0003885055533487762, -0.001167055731123937, 0]
rectification_matrix:
  rows: 3
  cols: 3
  data: [1, 0, 0, 0, 1, 0, 0, 0, 1]
projection_matrix:
  rows: 3
  cols: 4
  data: [534.4942016601562, 0, 312.6305762549018, 0, 0, 537.00537109375, 246.3915011966455, 0, 0, 0, 1, 0]